>>>>>>>>>>>>>>>>>>>> [Send Data 144 Bytes][[ 13:16:38:788 ]][Win 72][Unit 254] <<<<<<<<<<<<<<<<<<<< 
00000  26 00 00 48 FE 00 00 32 30 30-30 70 69 62 66 30 30 31 31 30       &..H...2000pibf00110
00020  30 31 32 30 70 69 62 66 30 30-31 31 31 20 20 20 20 20 20 20       0120pibf00111       
00040  20 20 20 20 20 20 20 20 20 20-20 20 20 20 20 20 20 20 20 20                           
00060  20 20 20 20 20 20 20 20 4D 2E-41 30 30 35 39 33 30 20 20 20               M.A005930   
00080  20 20 20 20 20 20 20 20 20 20-20 20 34 30 30 30 30 31 33 31                   40000131
00100  31 20 20 20 20 20 20 20 20 20-20 20 20 20 20 20 20 20 20 20       1                   
00120  20 20 20 20 31 30 00 5F 54 59-50 45 20 3A 20 31 0A 00 31 33           10._TYPE : 1..13
00140  00 00 B4 AC                                                       ..눋                

